4 4 4
1 1 1 2 10
2 1 0 1 1
3 1 1 2 10
4 1 0 1 1

4 6 8
4 1 3 3 8
1 3 5 2 9
2 4 8 4 1
4 5 0 1 4
3 3 1 2 7
1 5 8 4 3
3 6 2 1 2
2 2 2 3 5


22


100 100 0

0


4 5 4
4 1 3 3 8
1 3 5 2 9
2 4 8 4 1
4 5 0 1 4

22



2 2 4
1 1 1 1 1
2 2 2 2 2
1 2 1 2 3
2 1 2 1 4

4

100 7 7
3 2 2 3 9
3 3 1 3 3
3 5 1 4 7
3 6 2 4 6
2 4 1 2 8
1 4 2 2 4
4 4 1 1 5

[OUTPUT]
0

2 2 1
2 2 10 1 2

5 5 1
1 4 10 3 1

out:
0

100 7 7
3 2 2 3 9
3 3 1 3 3
3 5 1 4 7
3 6 2 4 6
2 4 1 2 8
1 4 2 2 4
4 4 1 1 5
   
correct answer = 0;

2 5 1
1 5 1 3 1

out:
1

4 2 2
2 2 3 1 1
4 2 3 1 2

out:
2

10 10 2
1 9 8 2 1
5 10 7 4 2

0


