1 4
1 0 0 1

출력: 2

4 4
0 1 1 0
1 0 0 1
1 0 0 1
1 1 1 0

출력: 4


10 10
0 0 0 0 0 1 0 0 0 0
0 0 0 0 0 0 1 0 0 0
0 0 0 0 0 0 0 0 0 0
0 0 0 0 0 0 0 0 0 0
0 0 0 0 0 0 0 0 0 0
0 0 0 0 0 0 0 0 0 0
0 0 0 0 0 0 0 0 0 0
0 0 0 0 0 0 1 1 1 0
0 0 0 0 0 0 1 0 0 0
0 0 0 0 0 0 1 1 1 0

-1(섬 하나가 연결되어 있지 않음)

2 2
1 0
0 1

출력: -1




1 3
1 0 1

-1

4 4
1 0 0 1
0 0 0 0
0 0 0 0
1 0 0 1

6


6 5
1 0 0 0 0
0 0 0 0 0
0 0 0 0 0
1 1 1 1 0
1 0 0 0 0
1 1 1 1 0

2





7 8
0 0 0 0 0 0 1 1
1 1 0 0 0 0 1 1
1 1 0 0 0 0 0 0
1 1 0 0 0 1 1 0
0 0 0 0 0 1 1 0
0 0 0 0 0 0 0 0
1 1 1 1 1 1 1 1


출력: 9

1 6
1 0 1 0 0 1

출력: -1(아마 시작하자마자 틀리는 예제)

8 8
0 0 0 1 1 1 1 0
0 1 1 1 1 0 1 0
0 1 0 1 1 1 0 0
0 1 0 0 0 1 0 0
0 0 0 1 0 0 1 0
0 0 0 0 0 1 0 0
0 1 1 1 0 0 0 0
0 1 0 0 0 1 0 0

출력: -1?

10 10
0 0 0 1 1 0 0 0 0 0
0 0 0 1 0 0 0 0 0 1
0 0 0 1 1 0 0 0 0 0
0 0 0 1 1 0 0 0 0 0
1 0 0 1 0 0 0 0 0 1
0 0 0 1 1 0 0 0 0 0
0 0 0 1 1 0 0 0 0 0
0 0 0 0 0 0 0 0 0 0
0 0 0 0 0 0 0 0 0 1
0 0 1 1 1 1 0 0 1 1

출력: 11

9 6
0 0 0 0 1 0
0 0 0 0 0 0
0 1 0 0 0 1
0 0 0 0 0 0
0 0 0 0 0 0
0 1 0 0 1 1
0 0 0 0 0 0
0 0 0 0 0 0
0 1 0 0 0 0

출력: 12


3 7
1 0 0 1 0 0 1
1 0 0 1 0 0 1
1 1 1 1 0 0 0

출력: 2

8 6
0 1 0 0 1 0
0 0 0 0 0 0
0 0 0 0 0 0
0 0 0 0 0 0
0 1 0 0 1 0
0 0 0 0 0 0
0 0 0 0 0 0
0 1 1 1 1 0

출력: 9

6 10
1 1 1 1 1 1 1 1 1 1
1 0 0 0 0 0 1 0 0 0
1 0 1 0 1 0 1 0 0 1
1 0 1 1 1 0 1 0 0 1
0 0 0 0 0 0 0 0 0 1
1 1 0 1 1 1 1 1 0 1

출력: 12




