1000
348 431 453 0 377 0 355 794 0 0 651 0 0 6 851 400 0 331 0 0 582 781 105 0 0 0 0 0 0 0 0 303 0 0 0 0 0 456 474 0 0 0 0 609 0 0 176 643 0 0 619 746 915 0 0 297 0 764 0 0 0 0 174 575 224 302 930 0 0 750 245 0 816 0 466 65 798 0 319 0 0 797 59 50 0 383 766 898 132 132 0 0 271 334 521 0 775 0 0 0 326 667 0 0 0 0 306 575 0 0 0 830 641 991 815 254 295 0 0 0 818 0 0 0 307 0 0 359 991 0 0 0 149 54 880 364 0 242 0 748 0 0 0 0 13 894 764 0 0 748 981 114 780 948 0 578 678 276 130 431 0 643 0 0 297 0 125 985 0 279 762 0 127 0 0 113 984 383 139 0 636 566 0 340 0 0 0 0 0 0 0 622 0 219 0 0 0 0 329 714 309 766 0 589 0 0 0 306 0 0 851 0 440 475 169 3 285 380 0 0 106 963 317 624 470 960 0 853 0 0 0 0 879 731 386 708 0 366 0 475 112 0 323 0 20 0 0 0 0 0 0 320 0 0 851 903 590 979 356 316 428 0 71 811 0 0 0 476 0 0 0 254 0 0 0 297 0 0 727 0 420 651 753 0 940 0 0 622 612 0 0 0 50 532 0 95 0 798 0 0 0 0 708 0 0 988 975 0 0 0 0 987 0 859 177 0 781 0 0 504 0 0 586 0 221 0 184 0 0 0 0 192 0 0 254 0 284 0 0 316 0 734 22 474 0 0 0 32 879 0 0 0 0 0 595 746 0 318 277 449 367 674 992 220 7 619 0 0 51 0 0 55 0 0 0 400 0 524 0 292 0 0 253 110 172 922 0 715 0 720 0 0 412 23 0 818 535 970 0 0 0 0 0 0 0 0 0 0 353 324 0 648 342 327 245 75 0 180 0 0 0 0 705 0 386 0 222 0 85 195 0 0 768 140 909 0 966 0 0 171 385 328 0 0 327 686 0 521 0 820 63 1000 0 0 979 0 0 0 226 0 0 0 0 0 490 0 0 810 0 0 109 0 11 792 0 0 0 0 0 35 0 448 0 0 0 0 822 200 698 16 0 840 743 632 0 687 0 708 403 0 0 945 539 611 156 860 927 0 0 17 826 519 0 0 364 0 976 0 395 465 0 527 496 495 0 893 289 0 637 0 0 0 0 70 0 911 0 0 178 0 959 807 647 0 0 0 0 143 296 0 0 0 128 93 0 0 99 0 329 0 646 394 916 0 634 858 0 947 761 0 0 707 566 49 0 149 436 0 0 0 996 0 0 284 0 92 598 0 465 996 0 0 560 0 0 249 0 0 791 0 0 0 0 455 0 0 560 731 972 686 0 524 676 119 0 763 876 0 0 235 968 0 462 0 0 0 877 678 0 851 0 0 0 0 854 976 934 802 0 267 693 0 873 11 0 490 759 676 249 0 718 0 34 0 552 890 0 279 374 0 484 0 0 460 0 0 255 0 0 220 0 0 0 0 969 474 393 647 264 0 674 359 0 715 580 13 368 930 0 485 0 306 421 533 781 175 0 0 17 147 0 662 0 405 881 263 739 0 0 805 0 0 0 0 0 0 393 0 0 0 512 0 928 0 487 51 214 0 0 0 656 408 0 0 663 0 842 616 0 0 64 193 652 0 161 746 950 0 0 0 204 873 469 818 388 603 849 826 0 476 0 162 0 0 869 0 115 624 527 62 872 941 0 0 0 0 933 168 0 0 0 262 926 0 618 67 573 0 62 934 0 115 252 0 747 0 0 0 0 262 0 12 867 384 0 584 0 0 0 36 0 0 290 0 0 0 0 201 0 316 0 0 0 347 0 92 0 177 0 725 0 774 0 0 257 0 0 0 0 783 0 0 62 847 483 0 421 792 0 140 0 554 0 141 0 0 0 0 463 138 0 0 635 0 167 2 401 0 0 144 0 0 0 482 635 847 199 0 0 877 410 64 989 404 389 0 249 414 132 610 0 0 0 0 474 0 641 0 561 461 0 0 185 0 0 318 0 0 0 565 0 0 0 0 407 0 0 993 0 0 0 0 550 0 823 878 263 415 514 106 948 354 971 473 867 243 655 710 0 0 442 0 0 0 788 0 907 0 0 0 0 0 0 321 0 0 546 552 680 495 0 0 0 985 902 287 122 0 683 9 642 826 0 0 0 0 0 0 0 32 166 0 813 0 314 0 315 0 0 10 0 0 333 498 0 0 0 0 184 851 

829


21
0 0 0 0 0 0 0 0 0 0 0 0 0 0 0 0 0 0 0 0 0

21


5
0 1 0 2 0

5


6
100 100 100 99 97 103

2

8
0 0 0 1 2 6 8 1000

6

7
0 6 5 10 3 0 11

5



